# unix_time, cycles_done, cur_path, paths_total, pending_total, pending_favs, map_size, unique_crashes, unique_hangs, max_depth, execs_per_sec
1507040255, 0, 0, 5, 5, 3, 3.56%, 0, 0, 1, 34.48
1507040265, 0, 0, 7, 7, 3, 3.56%, 0, 0, 2, 250.44
1507040270, 0, 0, 8, 8, 3, 3.58%, 0, 0, 2, 246.59
1507040291, 0, 0, 16, 16, 3, 3.58%, 0, 0, 2, 226.21
1507040296, 0, 0, 18, 18, 3, 3.58%, 0, 0, 2, 243.18
1507040321, 0, 0, 19, 19, 3, 3.59%, 0, 0, 2, 213.64
1507040331, 0, 0, 21, 21, 3, 3.59%, 0, 0, 2, 209.67
1507040387, 0, 0, 23, 23, 3, 3.59%, 0, 0, 2, 222.42
1507040423, 0, 0, 24, 24, 3, 3.59%, 0, 0, 2, 215.43
1507040580, 0, 0, 25, 25, 3, 3.59%, 0, 0, 2, 216.79
1507040753, 0, 0, 28, 28, 3, 3.60%, 0, 0, 2, 216.82
1507040814, 0, 0, 29, 29, 3, 3.60%, 0, 0, 2, 205.49
1507041317, 0, 0, 30, 30, 3, 3.60%, 0, 0, 2, 207.80
1507041358, 0, 0, 31, 31, 3, 3.60%, 0, 0, 2, 205.57
1507042025, 0, 0, 32, 32, 3, 3.60%, 0, 0, 2, 203.14
1507042081, 0, 0, 33, 33, 3, 3.60%, 0, 0, 2, 182.20
1507042524, 0, 0, 34, 34, 3, 3.60%, 0, 0, 2, 184.23
1507042740, 0, 0, 35, 35, 3, 3.61%, 0, 0, 2, 210.35
1507042888, 0, 0, 36, 36, 3, 3.61%, 0, 0, 2, 205.10
1507043276, 0, 0, 38, 38, 3, 3.61%, 0, 0, 2, 220.10
1507043648, 0, 0, 39, 39, 3, 3.61%, 0, 0, 2, 217.19
1507044007, 0, 0, 40, 40, 3, 3.62%, 0, 0, 2, 139.70
1507044022, 0, 0, 43, 43, 3, 3.62%, 0, 0, 2, 179.95
1507044058, 0, 0, 44, 44, 3, 3.62%, 0, 0, 2, 199.04
1507044294, 0, 0, 74, 74, 3, 3.62%, 0, 0, 2, 114.38
1507044299, 0, 0, 85, 85, 3, 3.66%, 0, 0, 2, 82.38
1507044304, 0, 0, 89, 89, 3, 3.66%, 0, 0, 2, 96.90
1507044310, 0, 0, 91, 91, 3, 3.66%, 0, 0, 2, 63.71
1507044315, 0, 0, 93, 93, 3, 3.66%, 0, 0, 2, 81.40
1507044320, 0, 0, 94, 94, 3, 3.66%, 0, 0, 2, 107.78
1507044325, 0, 0, 95, 95, 3, 3.66%, 0, 0, 2, 94.03
1507044330, 0, 0, 97, 97, 3, 3.66%, 0, 0, 2, 87.15
1507044335, 0, 0, 99, 99, 3, 3.66%, 0, 0, 2, 105.42
1507044340, 0, 0, 101, 101, 3, 3.66%, 0, 0, 2, 77.87
1507044366, 0, 0, 102, 102, 3, 3.66%, 0, 0, 2, 13.46
1507044377, 0, 0, 119, 118, 2, 3.67%, 0, 0, 2, 102.45
1507044382, 0, 0, 198, 197, 2, 3.68%, 0, 0, 2, 102.45
1507044387, 0, 0, 271, 270, 2, 3.75%, 0, 0, 2, 126.05
1507044393, 0, 0, 291, 290, 2, 3.75%, 0, 0, 2, 11.66
1507044418, 0, 3, 291, 290, 16, 3.75%, 0, 0, 2, 142.73
1507044449, 0, 22, 291, 289, 15, 3.75%, 0, 0, 2, 185.02
1507048708, 0, 23, 291, 288, 14, 3.75%, 0, 0, 2, 182.82
1507052899, 0, 33, 291, 287, 14, 3.75%, 0, 0, 2, 154.62
1507056894, 0, 39, 291, 286, 13, 3.75%, 0, 0, 2, 99.18
1507058640, 0, 39, 292, 287, 13, 3.76%, 0, 0, 3, 201.79
1507060543, 0, 39, 301, 295, 12, 3.93%, 0, 0, 3, 75.03
1507060548, 0, 39, 370, 364, 12, 4.29%, 0, 0, 3, 110.79
1507060553, 0, 39, 455, 449, 12, 4.48%, 0, 0, 3, 140.07
1507060559, 0, 39, 541, 535, 12, 4.52%, 0, 0, 3, 147.64
1507060564, 0, 39, 617, 611, 12, 4.55%, 0, 0, 3, 152.72
1507060569, 0, 39, 685, 679, 12, 4.61%, 0, 0, 3, 24.29
1507060579, 0, 39, 686, 680, 12, 4.61%, 0, 0, 3, 89.23
1507060605, 0, 95, 686, 680, 66, 4.61%, 0, 0, 3, 164.29
1507064188, 0, 125, 686, 679, 65, 4.61%, 0, 0, 3, 170.33
1507064310, 0, 135, 686, 678, 64, 4.61%, 0, 0, 3, 152.90
1507064402, 0, 142, 686, 677, 63, 4.61%, 0, 0, 3, 191.49
1507064580, 0, 145, 686, 676, 62, 4.61%, 0, 0, 3, 187.16
1507064585, 0, 193, 689, 678, 61, 4.61%, 0, 0, 3, 87.30
1507068266, 0, 251, 689, 677, 60, 4.61%, 0, 0, 3, 190.90
1507073163, 0, 254, 689, 676, 59, 4.61%, 0, 0, 3, 199.05
1507076553, 0, 268, 689, 675, 58, 4.61%, 0, 0, 3, 79.42
1507083734, 0, 291, 689, 674, 57, 4.61%, 0, 0, 3, 168.09
1507087716, 0, 291, 728, 712, 56, 4.61%, 0, 0, 3, 162.18
1507087721, 0, 291, 797, 781, 56, 4.65%, 0, 0, 3, 160.06
1507087731, 0, 301, 797, 781, 60, 4.65%, 0, 0, 3, 152.77
1507087741, 0, 302, 797, 780, 59, 4.65%, 0, 0, 3, 57.92
1507087757, 0, 305, 797, 779, 58, 4.65%, 0, 0, 3, 149.92
1507087767, 0, 318, 797, 778, 57, 4.65%, 0, 0, 3, 122.07
1507087793, 0, 322, 797, 777, 56, 4.65%, 0, 0, 3, 192.05
1507087808, 0, 324, 797, 776, 55, 4.65%, 0, 0, 3, 202.20
1507087818, 0, 327, 797, 775, 54, 4.65%, 0, 0, 3, 91.42
1507087844, 0, 334, 797, 774, 53, 4.65%, 0, 0, 3, 275.51
1507087854, 0, 340, 797, 773, 52, 4.65%, 0, 0, 3, 142.79
1507087870, 0, 341, 797, 772, 51, 4.65%, 0, 0, 3, 130.69
1507087885, 0, 342, 798, 772, 50, 4.65%, 0, 0, 3, 163.69
1507109119, 0, 343, 798, 771, 49, 4.65%, 0, 0, 3, 283.21
1507109139, 0, 344, 798, 770, 48, 4.65%, 0, 0, 3, 205.58
1507110532, 0, 354, 798, 769, 47, 4.65%, 0, 0, 3, 131.12
1507110547, 0, 356, 798, 768, 46, 4.65%, 0, 0, 3, 72.77
1507110568, 0, 356, 864, 833, 45, 4.65%, 0, 0, 3, 157.81
1507110579, 0, 376, 864, 833, 46, 4.65%, 0, 0, 3, 203.31
1507110813, 0, 392, 864, 832, 46, 4.65%, 0, 0, 3, 212.46
1507110946, 0, 394, 864, 831, 45, 4.65%, 0, 0, 3, 195.78
1507111073, 0, 398, 864, 830, 44, 4.65%, 0, 0, 3, 175.00
1507111165, 0, 408, 864, 829, 43, 4.65%, 0, 0, 3, 154.08
1507111257, 0, 409, 865, 829, 42, 4.65%, 0, 0, 3, 203.73
1507123580, 0, 411, 865, 828, 41, 4.65%, 0, 0, 3, 228.64
1507124021, 0, 444, 865, 827, 40, 4.65%, 0, 0, 3, 176.47
1507124041, 0, 455, 865, 826, 39, 4.65%, 0, 0, 3, 188.21
1507124179, 0, 481, 865, 825, 38, 4.65%, 0, 0, 3, 153.97
1507127770, 0, 496, 878, 837, 37, 4.65%, 0, 0, 3, 139.89
1507135748, 0, 528, 878, 836, 37, 4.65%, 0, 0, 3, 157.63
1507139573, 0, 571, 878, 835, 36, 4.65%, 0, 0, 3, 129.06
1507139635, 0, 576, 878, 834, 35, 4.65%, 0, 0, 3, 212.87
1507139707, 0, 586, 878, 833, 34, 4.65%, 0, 0, 3, 223.64
1507139738, 0, 595, 888, 842, 34, 4.65%, 0, 0, 3, 203.88
1507139758, 0, 600, 888, 841, 33, 4.65%, 0, 0, 3, 213.82
1507139839, 0, 606, 888, 840, 32, 4.65%, 0, 0, 3, 58.00
1507139860, 0, 614, 888, 839, 31, 4.65%, 0, 0, 3, 161.69
1507139880, 0, 620, 888, 838, 30, 4.65%, 0, 0, 3, 207.63
1507139901, 0, 623, 888, 837, 29, 4.65%, 0, 0, 3, 172.36
1507141661, 0, 631, 888, 836, 28, 4.65%, 0, 0, 3, 31.76
1507142216, 0, 640, 888, 835, 27, 4.65%, 0, 0, 3, 219.03
1507172324, 0, 643, 888, 834, 27, 4.65%, 0, 0, 3, 155.46
1507195836, 0, 648, 888, 833, 26, 4.65%, 0, 0, 3, 208.02
1507195856, 0, 648, 893, 837, 25, 4.65%, 0, 0, 3, 172.29
1507195861, 0, 648, 956, 900, 25, 4.66%, 0, 0, 3, 177.24
1507195872, 0, 656, 956, 900, 25, 4.66%, 0, 0, 3, 155.83
1507195974, 0, 659, 956, 899, 24, 4.66%, 0, 0, 3, 157.83
1507196385, 0, 670, 956, 898, 23, 4.66%, 0, 0, 3, 187.54
1507196411, 0, 688, 956, 897, 22, 4.66%, 0, 0, 3, 86.17
1507196512, 0, 700, 956, 896, 21, 4.66%, 0, 0, 3, 147.04
1507198080, 0, 719, 956, 895, 20, 4.66%, 0, 0, 3, 167.82
1507198172, 0, 735, 956, 894, 19, 4.66%, 0, 0, 3, 165.59
1507198268, 0, 742, 956, 893, 18, 4.66%, 0, 0, 3, 90.60
1507198304, 0, 743, 956, 892, 17, 4.66%, 0, 0, 3, 218.74
1507198386, 0, 750, 956, 891, 16, 4.66%, 0, 0, 3, 144.21
1507198421, 0, 786, 956, 890, 15, 4.66%, 0, 0, 3, 231.38
1507198482, 0, 790, 956, 889, 14, 4.66%, 0, 0, 3, 141.12
1507198761, 0, 802, 956, 888, 13, 4.66%, 0, 0, 3, 158.88
1507198991, 0, 855, 956, 887, 12, 4.66%, 0, 0, 3, 221.96
1507199670, 0, 880, 956, 886, 11, 4.66%, 0, 0, 3, 108.40
1507212922, 0, 881, 961, 890, 10, 4.66%, 0, 0, 3, 176.70
